&orbital_dim
 norbital = 23
/

&param_medium
 number_density = 6.02e21
/

! T. Ueno, J. Photopolym. Sci. Tech 37, 305 (2024).
&orbital_params
    energy_ionize =  8.52  9.80 10.09 10.48 10.99 11.51 11.92 12.03 12.43 12.45 12.53 13.62 14.15 14.69 15.17 18.68 19.48 24.79 26.27 31.45 34.55 307.   540.
   energy_singlet =  4.6   5.88  6.17  6.56  7.07  7.59   8.0  8.11  8.51  8.53  8.61  9.7  10.23 10.77 11.25 14.76 15.56 20.87 22.35 27.53 30.63 303.08 536.08
   energy_triplet =  3.5   4.78  5.07  5.46  5.97  6.49   6.9  7.01  7.41  7.43  7.51  8.6   9.13  9.67 10.15 13.66 14.46 19.77 21.25 26.43 29.53 301.98 534.98
   energy_kinetic = 17.16 19.54 20.08 20.80 21.74 22.70 23.45 23.65 24.38 24.42 24.56 26.55 27.51 28.48 29.34 35.61 37.03 46.33 48.90 57.81 63.09 481.12 813.47
 number_electrons =     2     2     2     2     2     2     4     2     2     2     2     2     4     2     2     2     2     2     2     2     2     16      2
/
