!
! Auto-generated file: Do not edit!
!

&param_orbital
 norbital = 28
 name = 'PMMA'
/

&parameters_per_orbitals
 energy_ionize    =      9.90    10.77    11.69    11.73    12.18    12.75    13.03    13.20    14.07    14.38    14.77    15.87    16.11    16.53    18.35    20.32    22.33    23.26    25.94    32.15    34.82   288.37   288.37   288.97   289.94   292.06   535.66   537.37
 energy_singlet   =      5.17     6.04     6.96     7.00     7.45     8.02     8.30     8.47     9.34     9.65    10.04    11.14    11.38    11.80    13.62    15.59    17.60    18.53    21.21    27.42    30.09   283.64   283.64   284.24   285.21   287.33   530.93   532.64
 energy_triplet   =      4.17     5.04     5.96     6.00     6.45     7.02     7.30     7.47     8.34     8.65     9.04    10.14    10.38    10.80    12.62    14.59    16.60    17.53    20.21    26.42    29.09   282.64   282.64   283.24   284.21   286.33   529.93   531.64
 energy_kinetic   =     19.73    21.34    23.03    23.10    23.93    24.97    25.47    25.78    27.36    27.92    28.62    30.60    31.03    31.78    35.03    38.51    42.04    43.67    48.33    59.01    63.55   453.91   453.91   454.79   456.21   459.31   807.39   809.79
 number_electrons =         2        2        2        2        2        2        2        2        2        2        2        2        2        2        2        2        2        2        2        2        2        2        2        2        2        2        2        2
/
