!
! Auto-generated file: Do not edit!
!

&param_orbital
 name = 'PS-Br'
/

&parameters_per_orbitals
 energy_ionize    =      8.34     9.09    10.04    10.59    11.63    11.79    12.42    12.53    12.79    13.44    14.29    14.49    14.60    15.36    16.04    16.61    19.04    20.25    20.57    22.98    24.46    24.69    26.08    28.06    78.04    78.04    78.28    78.28    78.37   187.63   187.64   187.90   249.21   288.43   288.79   288.93   288.94   289.06   289.06   289.11   290.27  1555.98  1555.98  1556.05  1729.09 13214.56
 energy_singlet   =      4.28     5.03     5.98     6.53     7.57     7.73     8.36     8.47     8.73     9.38    10.23    10.43    10.54    11.30    11.98    12.55    14.98    16.19    16.51    18.92    20.40    20.63    22.02    24.00    73.98    73.98    74.22    74.22    74.31   183.57   183.58   183.84   245.15   284.37   284.73   284.87   284.88   285.00   285.00   285.05   286.21  1551.92  1551.92  1551.99  1725.03 13210.50
 energy_triplet   =      3.28     4.03     4.98     5.53     6.57     6.73     7.36     7.47     7.73     8.38     9.23     9.43     9.54    10.30    10.98    11.55    13.98    15.19    15.51    17.92    19.40    19.63    21.02    23.00    72.98    72.98    73.22    73.22    73.31   182.57   182.58   182.84   244.15   283.37   283.73   283.87   283.88   284.00   284.00   284.05   285.21  1550.92  1550.92  1550.99  1724.03 13209.50
 energy_kinetic   =     16.82    18.23    19.99    21.01    22.92    23.21    24.36    24.56    25.04    26.22    27.76    28.12    28.32    29.69    30.91    31.93    36.25    38.39    38.95    43.18    45.76    46.16    48.57    51.99   134.61   134.61   134.99   134.99   135.14   304.36   304.37   304.77   396.30   454.00   454.52   454.73   454.74   454.92   454.92   454.99   456.69  2176.60  2176.60  2176.70  2400.97 15914.57
 number_electrons =         2        2        2        2        2        2        2        2        2        2        2        2        2        2        2        2        2        2        2        2        2        2        2        2        2        2        2        2        2        2        2        2        2        2        2        2        2        2        2        2        2        2        2        2        2        2
/
