!
! Auto-generated file: Do not edit!
!

&param_orbital
 norbital = 37
 name = 'PS-Cl'
/

&parameters_per_orbitals
 energy_ionize    =      8.41     9.09    10.83    11.21    11.76    11.79    12.47    12.73    13.17    13.65    14.31    14.58    14.59    15.46    16.10    16.73    19.06    20.28    20.60    23.18    24.46    25.13    26.90    28.39   205.64   205.64   205.81   269.72   288.43   288.79   288.93   288.93   289.03   289.03   289.09   290.40  2798.52
 energy_singlet   =      4.43     5.11     6.85     7.23     7.78     7.81     8.49     8.75     9.19     9.67    10.33    10.60    10.61    11.48    12.12    12.75    15.08    16.30    16.62    19.20    20.48    21.15    22.92    24.41   201.66   201.66   201.83   265.74   284.45   284.81   284.95   284.95   285.05   285.05   285.11   286.42  2794.54
 energy_triplet   =      3.43     4.11     5.85     6.23     6.78     6.81     7.49     7.75     8.19     8.67     9.33     9.60     9.61    10.48    11.12    11.75    14.08    15.30    15.62    18.20    19.48    20.15    21.92    23.41   200.66   200.66   200.83   264.74   283.45   283.81   283.95   283.95   284.05   284.05   284.11   285.42  2793.54
 energy_kinetic   =     16.95    18.23    21.45    22.15    23.16    23.21    24.46    24.93    25.73    26.60    27.79    28.28    28.30    29.87    31.01    32.14    36.29    38.44    39.00    43.53    45.76    46.92    49.99    52.56   331.44   331.44   331.70   426.55   454.00   454.52   454.73   454.73   454.88   454.88   454.96   456.88  3757.16
 number_electrons =         2        2        2        2        2        2        2        2        2        2        2        2        2        2        2        2        2        2        2        2        2        2        2        2        2        2        2        2        2        2        2        2        2        2        2        2        2
/
