!
! Auto-generated file: Do not edit!
!

&param_orbital
 norbital = 49
 name = 'PS-F5'
/

&parameters_per_orbitals
 energy_ionize    =      9.13     9.22    12.28    12.29    12.49    13.49    13.65    14.33    14.49    14.95    15.63    15.69    15.72    16.26    16.36    16.85    17.12    17.61    17.84    18.08    18.17    18.94    19.62    19.79    20.47    21.74    22.06    24.35    25.17    26.30    28.89    39.16    39.23    39.48    39.65    39.87   288.64   289.26   289.93   291.94   291.94   291.97   291.98   292.12   690.44   690.44   690.52   690.52   690.62
 energy_singlet   =      4.28     4.37     7.43     7.44     7.64     8.64     8.80     9.48     9.64    10.10    10.78    10.84    10.87    11.41    11.51    12.00    12.27    12.76    12.99    13.23    13.32    14.09    14.77    14.94    15.62    16.89    17.21    19.50    20.32    21.45    24.04    34.31    34.38    34.63    34.80    35.02   283.79   284.41   285.08   287.09   287.09   287.12   287.13   287.27   685.59   685.59   685.67   685.67   685.77
 energy_triplet   =      3.28     3.37     6.43     6.44     6.64     7.64     7.80     8.48     8.64     9.10     9.78     9.84     9.87    10.41    10.51    11.00    11.27    11.76    11.99    12.23    12.32    13.09    13.77    13.94    14.62    15.89    16.21    18.50    19.32    20.45    23.04    33.31    33.38    33.63    33.80    34.02   282.79   283.41   284.08   286.09   286.09   286.12   286.13   286.27   684.59   684.59   684.67   684.67   684.77
 energy_kinetic   =     18.30    18.47    24.11    24.13    24.49    26.31    26.60    27.83    28.12    28.95    30.17    30.28    30.33    31.30    31.48    32.36    32.84    33.71    34.12    34.55    34.71    36.07    37.28    37.58    38.78    41.01    41.57    45.57    46.99    48.95    53.42    70.89    71.00    71.42    71.71    72.08   454.30   455.21   456.19   459.13   459.13   459.18   459.19   459.40  1022.36  1022.36  1022.47  1022.47  1022.61
 number_electrons =         2        2        2        2        2        2        2        2        2        2        2        2        2        2        2        2        2        2        2        2        2        2        2        2        2        2        2        2        2        2        2        2        2        2        2        2        2        2        2        2        2        2        2        2        2        2        2        2        2
/
