!
! Auto-generated file: Do not edit!
!

&param_orbital
 name = 'PS-F'
/

&parameters_per_orbitals
 energy_ionize    =      8.51     9.12    11.77    11.87    12.09    12.22    13.08    13.80    14.09    14.50    14.89    14.96    16.00    16.08    16.77    17.99    19.30    20.52    20.83    23.54    24.52    25.51    27.86    38.53   288.43   288.78   288.94   288.94   288.98   288.99   289.03   291.07   689.64
 energy_singlet   =      4.43     5.04     7.69     7.79     8.01     8.14     9.00     9.72    10.01    10.42    10.81    10.88    11.92    12.00    12.69    13.91    15.22    16.44    16.75    19.46    20.44    21.43    23.78    34.45   284.35   284.70   284.86   284.86   284.90   284.91   284.95   286.99   685.56
 energy_triplet   =      3.43     4.04     6.69     6.79     7.01     7.14     8.00     8.72     9.01     9.42     9.81     9.88    10.92    11.00    11.69    12.91    14.22    15.44    15.75    18.46    19.44    20.43    22.78    33.45   283.35   283.70   283.86   283.86   283.90   283.91   283.95   285.99   684.56
 energy_kinetic   =     17.14    18.28    23.18    23.36    23.76    24.00    25.57    26.87    27.40    28.14    28.84    28.97    30.84    30.98    32.21    34.39    36.71    38.86    39.41    44.16    45.86    47.58    51.65    69.82   454.00   454.51   454.74   454.74   454.80   454.82   454.88   457.86  1021.26
 number_electrons =         2        2        2        2        2        2        2        2        2        2        2        2        2        2        2        2        2        2        2        2        2        2        2        2        2        2        2        2        2        2        2        2        2
/
