!
! Auto-generated file: Do not edit!
!

&param_orbital
 norbital = 29
 name = 'PST'
/

&parameters_per_orbitals
 energy_ionize    =      8.74     8.99    11.72    11.79    12.27    12.34    12.94    13.62    14.24    14.47    14.65    15.53    15.81    17.05    19.14    20.02    20.89    23.65    24.31    25.59    27.73   289.11   289.26   289.26   289.29   289.33   289.35   289.35   289.45
 energy_singlet   =      4.59     4.84     7.57     7.64     8.12     8.19     8.79     9.47    10.09    10.32    10.50    11.38    11.66    12.90    14.99    15.87    16.74    19.50    20.16    21.44    23.58   284.96   285.11   285.11   285.14   285.18   285.20   285.20   285.30
 energy_triplet   =      3.59     3.84     6.57     6.64     7.12     7.19     7.79     8.47     9.09     9.32     9.50    10.38    10.66    11.90    13.99    14.87    15.74    18.50    19.16    20.44    22.58   283.96   284.11   284.11   284.14   284.18   284.20   284.20   284.30
 energy_kinetic   =     17.57    18.04    23.08    23.21    24.09    24.22    25.31    26.55    27.67    28.08    28.41    29.99    30.49    32.71    36.43    37.98    39.51    44.35    45.50    47.72    51.42   454.99   455.21   455.21   455.26   455.31   455.34   455.34   455.49
 number_electrons =         2        2        2        2        2        2        2        2        2        2        2        2        2        2        2        2        2        2        2        2        2        2        2        2        2        2        2        2        2
/
