!
! Auto-generated file: Do not edit!
!

&param_orbital
 name = 'TBA'
/

&params_per_orbitals
 energy_ionize    =      9.61    10.30    11.16    11.50    11.78    11.81    12.25    12.28    12.62    12.64    13.25    13.71    13.78    14.48    14.75    15.54    15.77    16.24    16.83    19.26    21.29    22.20    22.24    24.63    25.93    31.90    34.37   287.93   287.93   287.96   288.06   288.55   290.31   291.90   535.36   536.88
 energy_singlet   =      4.92     5.61     6.47     6.81     7.09     7.12     7.56     7.59     7.93     7.95     8.56     9.02     9.09     9.79    10.06    10.85    11.08    11.55    12.14    14.57    16.60    17.51    17.55    19.94    21.24    27.21    29.68   283.24   283.24   283.27   283.37   283.86   285.62   287.21   530.67   532.19
 energy_triplet   =      3.92     4.61     5.47     5.81     6.09     6.12     6.56     6.59     6.93     6.95     7.56     8.02     8.09     8.79     9.06     9.85    10.08    10.55    11.14    13.57    15.60    16.51    16.55    18.94    20.24    26.21    28.68   282.24   282.24   282.27   282.37   282.86   284.62   286.21   529.67   531.19
 energy_kinetic   =     19.19    20.47    22.06    22.68    23.19    23.25    24.05    24.11    24.73    24.77    25.87    26.71    26.84    28.10    28.59    30.01    30.42    31.27    32.32    36.64    40.22    41.81    41.88    46.06    48.31    58.58    62.79   453.27   453.27   453.31   453.46   454.17   456.75   459.07   806.97   809.10
 number_electrons =         2        2        2        2        2        2        2        2        2        2        2        2        2        2        2        2        2        2        2        2        2        2        2        2        2        2        2        2        2        2        2        2        2        2        2        2
/
