!
! Auto-generated file: Do not edit!
!

&param_orbital
 name = 'TBMA'
/

&parameters_per_orbitals
 energy_ionize    =      9.44    10.23    11.03    11.27    11.43    11.67    11.78    12.22    12.47    12.48    12.81    13.02    13.23    13.66    14.14    14.46    14.69    15.42    15.51    16.28    16.76    18.80    20.93    21.94    22.15    22.19    25.17    25.99    31.82    34.31   287.84   287.87   287.88   288.01   288.10   288.63   290.25   291.77   535.28   536.83
 energy_singlet   =      4.92     5.71     6.51     6.75     6.91     7.15     7.26     7.70     7.95     7.96     8.29     8.50     8.71     9.14     9.62     9.94    10.17    10.90    10.99    11.76    12.24    14.28    16.41    17.42    17.63    17.67    20.65    21.47    27.30    29.79   283.32   283.35   283.36   283.49   283.58   284.11   285.73   287.25   530.76   532.31
 energy_triplet   =      3.92     4.71     5.51     5.75     5.91     6.15     6.26     6.70     6.95     6.96     7.29     7.50     7.71     8.14     8.62     8.94     9.17     9.90     9.99    10.76    11.24    13.28    15.41    16.42    16.63    16.67    19.65    20.47    26.30    28.79   282.32   282.35   282.36   282.49   282.58   283.11   284.73   286.25   529.76   531.31
 energy_kinetic   =     18.88    20.34    21.82    22.26    22.55    22.99    23.19    24.00    24.46    24.47    25.07    25.46    25.84    26.62    27.49    28.07    28.48    29.79    29.96    31.34    32.20    35.82    39.59    41.36    41.73    41.80    46.99    48.42    58.44    62.68   453.13   453.18   453.19   453.38   453.51   454.29   456.66   458.88   806.86   809.03
 number_electrons =         2        2        2        2        2        2        2        2        2        2        2        2        2        2        2        2        2        2        2        2        2        2        2        2        2        2        2        2        2        2        2        2        2        2        2        2        2        2        2        2
/
