&param_orbital
 norbital = 27
 name = 'tBuA'
/

! T. Ueno
&params_per_orbitals
    energy_ionize =  9.35  9.45  10.1 11.24 11.85 11.93 12.38 12.66 12.92 13.   13.48 13.72 13.74 14.2  14.22 14.38 14.75 15.   15.2  15.83 16.28 17.66 19.28 24.08 32.05 307.   540.
   energy_singlet =  4.88  4.98  5.63  6.77  7.38  7.46  7.91  8.19  8.45  8.53  9.01  9.25  9.27  9.73  9.75  9.91 10.28 10.53 10.73 11.36 11.81 13.19 14.81 19.61 27.58 302.53 535.53
   energy_triplet =  3.88  3.98  4.63  5.77  6.38  6.46  6.91  7.19  7.45  7.53  8.01  8.25  8.27  8.73  8.75  8.91  9.28 9.53   9.73 10.36 10.81 12.19 13.81 18.61 26.58 301.53 534.53
   energy_kinetic = 18.71 18.90 20.10 22.20 23.32 23.47 24.29 24.80 25.27 25.42 26.29 26.73 26.76 27.60 27.63 27.92 28.59 29.04 29.40 30.53 31.34 33.80 36.67 45.10 58.84 481.12 813.47
 number_electrons =     2     2     2     2     2     2     4     2     2     2     2     2     2     2     2     2     2     2     2     2     2     2     2     2     2     14      4
/
